113.0_Base_Sal_Paleo_x500.grd
DSAA 
38 64
672000 691000
7134000 7166000
38.4695 0.80595
[rows 0 to 42 of 64, columns 0 to 37 of 38]
26.636314 25.597021 23.309393 20.441549 17.675842 15.405205 13.694483 12.461016 11.66414 11.337717 11.440743 11.784989 12.092714 12.167674 11.963634 11.502518 10.738327 9.593377 8.158199 6.903256 6.474527 7.302537 9.221111 11.646372 13.932985 15.748569 17.085894 18.181082 19.272943 20.458387 21.559919 22.385845 22.944897 23.652039 24.961 27.040768 29.485973 31.566959
26.600893 25.60062 23.366604 20.517759 17.718773 15.389719 13.631039 12.367889 11.537268 11.154148 11.184759 11.462764 11.723382 11.772815 11.578109 11.189266 10.585402 9.669659 8.466326 7.349048 6.902587 7.563536 9.254155 11.496021 13.710136 15.536902 16.884853 17.90778 18.839077 19.845396 20.844624 21.685875 22.339121 23.131891 24.46225 26.50696 28.91416 30.983467
26.496857 25.575695 23.454941 20.642979 17.759991 15.276137 13.371696 11.998738 11.063069 10.548566 10.441851 10.618851 10.835527 10.893034 10.777613 10.591504 10.364982 9.967167 9.291602 8.510641 8.067741 8.394467 9.588703 11.405207 13.428923 15.268297 16.660522 17.572203 18.19804 18.831636 19.591194 20.429516 21.253811 22.209908 23.562029 25.484089 27.735355 29.702343
26.402996 25.58672 23.624285 20.875652 17.889074 15.175529 13.01602 11.413716 10.269802 9.554869 9.300161 9.430674 9.711706 9.910715 10.010712 10.154568 10.42271 10.656642 10.619588 10.260638 9.836926 9.738718 10.246603 11.411087 13.063734 14.840042 16.304253 17.184212 17.567751 17.838694 18.328823 19.136135 20.130957 21.255924 22.590342 24.268524 26.178907 27.865437
26.368763 25.667728 23.888355 21.230686 18.151966 15.1784 12.688848 10.754976 9.307434 8.316206 7.917057 8.089238 8.591779 9.092901 9.535855 10.085992 10.850199 11.659595 12.19546 12.231339 11.833839 11.305832 11.047545 11.389635 12.454201 14.008686 15.536008 16.55312 16.968122 17.136658 17.51016 18.317348 19.43626 20.655378 21.872311 23.154316 24.510651 25.704765
26.376081 25.786922 24.191717 21.642721 18.504637 15.30361 12.50298 10.246658 8.502527 7.250031 6.730355 6.968102 7.708138 8.525535 9.322126 10.257196 11.42057 12.638025 13.568035 13.890867 13.519644 12.640137 11.677159 11.15431 11.465116 12.605816 14.125092 15.431755 16.222551 16.685711 17.234039 18.152004 19.353636 20.560249 21.547701 22.322811 22.994764 23.56711
26.401207 25.900196 24.446362 21.977396 18.791191 15.431631 12.445499 10.041438 8.188169 6.843143 6.248602 6.442664 7.191241 8.102866 9.096975 10.293322 11.714174 13.163434 14.313004 14.822213 14.507868 13.433476 11.959308 10.678947 10.187592 10.760927 12.152195 13.789829 15.182617 16.258209 17.247826 18.39587 19.655407 20.766283 21.469995 21.744452 21.767517 21.7467
26.425236 25.975721 24.592541 22.141083 18.894554 15.456928 12.479231 10.214821 8.534005 7.279032 6.582927 6.51338 6.93531 7.643722 8.640139 9.966607 11.531577 13.092166 14.34724 14.985957 14.791877 13.723164 12.013201 10.204144 8.999182 8.943951 10.071459 11.924601 13.889015 15.624541 17.119869 18.515995 19.800438 20.791874 21.27136 21.210228 20.804937 20.381496
26.422661 25.994413 24.628277 22.151794 18.844624 15.401859 12.614823 10.758684 9.443056 8.264672 7.289163 6.742153 6.624093 6.983515 7.920079 9.347462 11.016057 12.648428 13.972548 14.731066 14.725738 13.842649 12.165158 10.097145 8.358897 7.708344 8.451336 10.27853 12.534519 14.687508 16.515148 18.042677 19.290518 20.185305 20.58819 20.460592 19.953323 19.4039
26.323992 25.922808 24.606468 22.174059 18.892502 15.507062 12.93576 11.524006 10.497439 9.119924 7.664387 6.702195 6.107713 6.167435 7.212086 8.7919 10.576436 12.288895 13.675447 14.532857 14.719707 14.106203 12.657215 10.603289 8.533592 7.369948 7.733582 9.226194 11.343155 13.493862 15.338099 16.812061 17.965408 18.824968 19.329077 19.405416 19.105019 18.688972
26.070559 25.742619 24.605822 22.417715 19.355078 16.072815 13.47577 11.972868 10.803551 8.943514 7.249838 6.488447 5.988434 5.870522 6.972038 8.649853 10.549065 12.350786 13.783469 14.677557 14.971329 14.592531 13.473505 11.696693 9.671238 8.204162 8.082117 8.935476 10.469402 12.17999 13.719273 14.977053 16.017681 16.924259 17.673595 18.134611 18.238091 18.124863
25.647079 25.453571 24.662767 22.976419 20.387695 17.281355 14.341102 11.980087 9.809491 7.555762 6.03612 6.044935 6.50243 6.44508 7.307411 9.026325 11.026119 12.892579 14.315777 15.140764 15.39432 15.124725 14.332448 13.020491 11.421996 10.027354 9.291764 9.337177 9.985086 10.930655 11.920999 12.85729 13.803283 14.831804 15.896153 16.793299 17.353249 17.600582
25.133581 25.11166 24.771271 23.761398 21.846848 19.038778 15.66391 12.123743 8.689549 5.791654 4.215324 4.427799 5.458288 6.348191 7.80003 9.749443 11.851464 13.717501 15.043965 15.69331 15.774569 15.474328 14.914828 14.08662 13.008983 11.841554 10.835881 10.173867 9.905066 9.962624 10.269013 10.811108 11.657808 12.8167 14.163545 15.430227 16.389088 16.974834
24.632475 24.772255 24.863796 24.525785 23.330225 20.948755 17.365337 12.950638 8.417949 4.676048 2.461568 1.897678 3.113775 5.648615 8.242318 10.617434 12.795646 14.570024 15.712504 16.120956 15.967936 15.548661 15.095947 14.624937 14.023447 13.203657 12.205336 11.159061 10.212145 9.478706 9.082237 9.167162 9.844398 11.041302 12.533897 14.018541 15.258846 16.124115
24.234695 24.484238 24.876961 25.029663 24.411917 22.486719 18.985867 14.18258 8.957716 4.494858 1.68499 0.805949 2.238502 5.60381 8.876013 11.523493 13.67541 15.273751 16.183619 16.348337 15.978514 15.426771 14.987245 14.705137 14.423719 13.942218 13.15683 12.087368 10.837042 9.580078 8.589432 8.169536 8.564605 9.65164 11.091078 12.613984 14.017175 15.110622
23.931171 24.215559 24.722589 25.097038 24.806671 23.254156 20.034302 15.283171 9.859543 5.073804 2.096463 1.500192 3.272018 6.402137 9.687743 12.338498 14.370155 15.767844 16.461697 16.435329 15.912802 15.259147 14.78101 14.542933 14.400352 14.151975 13.646843 12.807913 11.617794 10.193531 8.850812 7.985301 8.013414 8.804924 9.989327 11.397146 12.884165 14.185782
23.635376 23.88125 24.326313 24.671597 24.458853 23.139395 20.274378 15.870375 10.656592 5.915296 2.979153 2.507563 4.264981 7.224522 10.317726 12.893095 14.818382 16.067799 16.611519 16.469442 15.864719 15.145711 14.601981 14.30869 14.160712 14.015764 13.750145 13.242229 12.357616 11.094782 9.708027 8.652181 8.278884 8.582714 9.382266 10.60715 12.169244 13.697371
23.164154 23.320087 23.586308 23.743261 23.446075 22.24688 19.738251 15.827305 11.062868 6.567131 3.644225 3.029424 4.585662 7.395988 10.450254 13.061247 14.996698 16.200794 16.676985 16.488516 15.856505 15.097368 14.47342 14.073705 13.845982 13.71855 13.620649 13.429524 12.940187 12.028749 10.824039 9.692141 8.977668 8.807455 9.213146 10.297508 11.991088 13.781199
22.333117 22.383688 22.437534 22.360996 21.925621 20.792341 18.612286 15.228893 11.003864 6.834345 3.897432 3.009758 4.252295 6.921382 10.048241 12.842078 14.925205 16.186365 16.661301 16.471371 15.846481 15.066192 14.364174 13.852311 13.540311 13.414793 13.442174 13.508286 13.379786 12.837063 11.864474 10.699548 9.673616 9.07687 9.187753 10.253531 12.154165 14.216675
21.05118 21.015701 20.898638 20.640053 20.10507 19.046247 17.171043 14.289487 10.598957 6.77065 3.805227 2.586663 3.459201 5.98674 9.239531 12.294138 14.610801 16.006416 16.534666 16.37817 15.790222 15.020079 14.273335 13.684908 13.325818 13.225139 13.360178 13.614642 13.748624 13.480588 12.663547 11.404047 10.036875 9.04666 8.959121 10.096646 12.212076 14.48287
19.460398 19.376637 19.167822 18.82424 18.270628 17.325329 15.735146 13.298015 10.086943 6.590884 3.617072 2.06149 2.545883 4.908845 8.258824 11.524483 14.067193 15.638735 16.272663 16.189947 15.677956 14.973916 14.256966 13.666664 13.314561 13.256334 13.46806 13.827587 14.102842 13.984896 13.228333 11.823574 10.107023 8.738404 8.45267 9.597256 11.78202 14.092447
17.89048 17.797119 17.576817 17.244919 16.753906 15.961445 14.632905 12.564701 9.753328 6.577029 3.685181 1.914955 2.001333 4.120968 7.354703 10.625794 13.292085 15.048428 15.845979 15.895264 15.517822 14.963513 14.391762 13.915995 13.645005 13.635703 13.864161 14.219885 14.505749 14.428587 13.689627 12.184298 10.216737 8.530413 7.950553 8.886563 10.853394 12.960683
16.66464 16.590305 16.416018 16.158815 15.775945 15.14518 14.040296 12.259115 9.760454 6.871804 4.152133 2.355883 2.175067 3.832871 6.660628 9.663551 12.301209 14.219551 15.227394 15.472515 15.298005 14.985922 14.690171 14.474824 14.397044 14.476058 14.681311 14.934549 15.109171 14.982273 14.259428 12.769969 10.732208 8.84565 7.929447 8.379515 9.843149 11.530996
15.846853 15.811548 15.721037 15.572479 15.314175 14.834482 13.917284 12.35665 10.086374 7.39681 4.803325 3.005897 2.565787 3.717896 6.067685 8.609283 11.071745 13.115612 14.362285 14.866916 14.966716 14.976366 15.060007 15.23536 15.482292 15.746482 15.964867 16.087395 16.076004 15.827725 15.117344 13.750513 11.819568 9.873796 8.626892 8.517017 9.351988 10.52661
15.198417 15.212804 15.222941 15.190536 15.052082 14.711448 13.974925 12.622542 10.542357 7.945104 5.261943 3.174598 2.335163 3.050257 5.003639 7.219707 9.56875 11.717045 13.21465 14.03539 14.470778 14.844446 15.337527 15.951065 16.604839 17.166029 17.509514 17.576542 17.3943 16.995958 16.281351 15.089058 13.389317 11.53248 10.080532 9.499949 9.770729 10.479801
14.360229 14.428579 14.543589 14.625517 14.605472 14.419325 13.910394 12.834502 10.998484 8.481063 5.581692 2.91937 1.560067 2.025921 3.558692 5.544379 7.806535 10.024373 11.789673 12.982294 13.797528 14.53336 15.380407 16.358681 17.377243 18.263874 18.831831 18.975084 18.731714 18.236723 17.531578 16.534977 15.137722 13.494616 11.997692 11.110388 10.960262 11.306734
13.14098 13.256675 13.461358 13.642127 13.738255 13.737171 13.531404 12.852441 11.406115 9.125982 6.219227 3.300923 1.602195 1.796247 2.728261 4.019949 5.861654 8.110799 10.215808 11.823742 13.015104 14.059181 15.146001 16.330181 17.553442 18.663353 19.454102 19.771051 19.615942 19.155296 18.532955 17.755455 16.684755 15.318542 13.887012 12.819998 12.359022 12.416574
11.642364 11.790255 12.057594 12.318873 12.534562 12.749327 12.903597 12.713662 11.797841 9.976436 7.430308 4.875102 3.450753 3.177327 2.967396 2.636248 3.614312 6.053292 8.744551 10.744078 12.226452 13.479168 14.687326 15.923391 17.165123 18.317804 19.219095 19.712564 19.756506 19.478647 19.043949 18.508219 17.738419 16.631956 15.285891 14.072645 13.31322 13.070072
10.210795 10.364319 10.649501 10.959499 11.285295 11.711465 12.206901 12.485988 12.12387 10.878666 8.917263 6.890695 5.821031 5.826799 4.408971 1.876354 1.785456 4.802836 7.799522 9.95377 11.533872 12.857415 14.096219 15.302838 16.455099 17.509569 18.388451 18.994101 19.26903 19.262537 19.081394 18.776417 18.237192 17.321049 16.030397 14.660704 13.573704 12.980745
9.206978 9.33818 9.594622 9.916957 10.327736 10.917863 11.655725 12.267139 12.340549 11.621363 10.210513 8.574513 7.48015 7.07328 5.32271 2.88411 2.662214 4.894322 7.525442 9.468708 10.933652 12.207198 13.428365 14.597198 15.651761 16.569647 17.361019 18.021107 18.507244 18.78454 18.857565 18.735163 18.339527 17.538389 16.27639 14.757258 13.342512 12.378402
8.861843 8.947431 9.133022 9.422832 9.865304 10.526524 11.355274 12.105391 12.428606 12.099154 11.148242 9.816904 8.475893 7.061191 5.646625 4.684216 4.62035 5.846867 7.62303 9.140905 10.378643 11.539264 12.718296 13.859066 14.848498 15.664302 16.38294 17.087507 17.760685 18.297632 18.596859 18.6147 18.309727 17.591919 16.38131 14.789837 13.14402 11.884033
9.1512 9.183476 9.279957 9.503405 9.91667 10.547651 11.328731 12.061326 12.485887 12.422834 11.853345 10.853943 9.51049 7.978988 6.647927 5.805632 5.687975 6.38537 7.558106 8.732999 9.789757 10.854187 11.983488 13.086439 14.01782 14.75851 15.430224 16.184175 17.029591 17.816444 18.353094 18.537252 18.346748 17.740164 16.643257 15.100262 13.386909 11.981329
9.889244 9.874339 9.88554 10.024289 10.357138 10.879902 11.527775 12.164204 12.616727 12.740931 12.477468 11.810281 10.722131 9.26976 7.717989 6.498592 6.015869 6.365616 7.24374 8.248892 9.213439 10.205031 11.257854 12.280972 13.122625 13.77335 14.381831 15.154829 16.14184 17.185837 18.027111 18.486559 18.514366 18.093687 17.176874 15.783789 14.150078 12.747484
10.773826 10.732731 10.69178 10.763087 11.008138 11.405729 11.91228 12.453106 12.924222 13.194988 13.163683 12.753717 11.879483 10.496858 8.773895 7.177543 6.244968 6.211233 6.854693 7.77549 8.701688 9.619909 10.54812 11.431053 12.132521 12.65056 13.140913 13.86081 14.926545 16.222216 17.446896 18.320988 18.701653 18.545647 17.831362 16.598267 15.077173 13.72878
11.574301 11.541444 11.512186 11.578029 11.784813 12.104028 12.518165 13.000792 13.499744 13.892708 14.042611 13.819223 13.090921 11.760366 9.927937 8.029061 6.643291 6.148055 6.520886 7.405149 8.334257 9.149052 9.875971 10.543787 11.056772 11.411503 11.742752 12.340128 13.398641 14.883492 16.490013 17.839052 18.647688 18.788465 18.238831 17.08116 15.58482 14.232474
12.140463 12.167257 12.257708 12.449962 12.75001 13.108387 13.516642 13.97825 14.491587 14.964952 15.254428 15.178851 14.554673 13.239123 11.293114 9.106221 7.203227 6.00173 5.99182 7.028194 8.122246 8.814887 9.275694 9.663095 9.945051 10.120744 10.286536 10.728588 11.692822 13.230974 15.075655 16.792803 17.968683 18.362801 17.915974 16.745441 15.180056 13.753441
12.51064 12.660965 13.015539 13.527164 14.118155 14.675119 15.163222 15.604659 16.065456 16.526566 16.880121 16.908796 16.362989 15.035489 12.961733 10.526749 8.307194 6.556201 5.823193 7.4024 8.252378 8.635259 8.779896 8.873329 8.922503 8.934588 8.964862 9.254728 10.043566 11.439469 13.244783 15.047653 16.377029 16.907118 16.52964 15.36723 13.782911 12.334157
12.80368 13.141111 13.911615 14.956487 16.058607 16.976866 17.604656 17.979239 18.261374 18.552299 18.830692 18.882856 18.40053 17.090591 14.943787 12.371398 10.191362 9.351988 9.649634 8.954493 8.577669 8.445642 8.319999 8.207766 8.085924 7.973994 7.908895 8.06897 8.633259 9.71539 11.193818 12.748009 13.952949 14.476386 14.191317 13.197641 11.826691 10.566069
13.214954 13.781166 15.068567 16.788603 18.5411 19.908543 20.682653 20.918049 20.888779 20.845297 20.887981 20.853661 20.407915 19.175268 17.066008 14.459137 12.286034 11.681572 11.763856 9.776527 8.478705 7.964637 7.746463 7.604666 7.438071 7.276269 7.170338 7.247173 7.604844 8.317328 9.316386 10.396964 11.259045 11.654448 11.500101 10.870222 9.997163 9.185327
13.843933 14.643431 16.456066 18.855461 21.249458 23.040089 23.919388 23.960421 23.545996 23.072918 22.770927 22.559278 22.117348 21.016537 19.056038 16.464737 13.958343 12.133592 10.571845 8.963964 7.621839 7.090695 6.998715 6.990263 6.883842 6.726315 6.627486 6.699966 6.968361 7.427481 8.010952 8.600915 9.047573 9.247976 9.223495 9.046025 8.82016 8.602961
14.714437 15.713419 17.96089 20.894527 23.761562 25.834885 26.745722 26.586494 25.817123 24.941051 24.286535 23.852669 23.358664 22.370331 20.590054 18.048838 15.138062 12.290428 9.755857 7.727921 6.478317 6.081282 6.203981 6.387012 6.378993 6.248499 6.196402 6.350926 6.679134 7.07189 7.42415 7.659707 7.754176 7.749775 7.79832 8.002919 8.36232 8.699138
15.735089 16.875402 19.408913 22.651424 25.745102 27.912394 28.777485 28.452278 27.42926 26.261389 25.324299 24.670923 24.068747 23.122057 21.485073 19.035709 15.948799 12.598165 9.464732 7.030646 5.651351 5.310928 5.591402 5.926799 5.999364 5.891383 5.902636 6.190532 6.692863 7.187815 7.492346 7.529954 7.365973 7.167813 7.20295 7.615918 8.339014 9.036168
16.804476 18.020723 20.681093 24.00584 27.089268 29.175768 29.928177 29.48041 28.317682 26.988094 25.861786 25.014265 24.26041 23.272575 21.712345 19.383224 16.333361 12.885206 9.557725 6.905005 5.353471 4.94147 5.255919 5.679955 5.838414 5.792155 5.891246 6.284914 6.947943 7.58319 7.92172 7.869262 7.548182 7.205651 7.17322 7.615911 8.439327 9.24964
