114.0_Mid_A_Paleo_x500.grd
DSAA 
38 64
672000 691000
7134000 7166000
41.4378 1.0078
[rows 0 to 42 of 64, columns 0 to 37 of 38]
29.792204 28.502394 25.71974 22.344564 19.197769 16.695965 14.83008 13.458633 12.569809 12.24454 12.469032 13.001259 13.507139 13.759321 13.722274 13.421877 12.777374 11.619279 10.017427 8.502671 7.937518 8.845573 11.04352 13.745789 16.208317 18.07929 19.443707 20.56386 21.685919 22.816467 23.759338 24.289087 24.558342 25.059246 26.341034 28.467007 30.955286 33.014179
29.708549 28.461012 25.735266 22.364716 19.158167 16.576952 14.66665 13.285557 12.380267 11.999156 12.144133 12.60791 13.072973 13.306955 13.282465 13.063774 12.601799 11.713223 10.379654 9.018885 8.410339 9.098948 11.009449 13.500332 15.897963 17.815813 19.216427 20.261843 21.190777 22.108252 22.938581 23.504917 23.898319 24.497236 25.784351 27.857349 30.311449 32.387894
29.525095 28.367741 25.76795 22.413025 19.070065 16.285282 14.219998 12.75393 11.764963 11.248556 11.240873 11.606588 12.052979 12.325367 12.399212 12.408823 12.369709 12.078173 11.34785 10.365904 9.725353 9.988162 11.288589 13.295002 15.513361 17.514034 19.012594 19.94174 20.49287 20.95536 21.508314 22.101801 22.719788 23.506351 24.783459 26.697004 28.999271 31.026791
29.358147 28.319016 25.892448 22.57966 19.065834 15.97931 13.620609 11.935996 10.757715 10.048493 9.894379 10.246468 10.81883 11.297156 11.625164 11.995694 12.495182 12.914418 12.908026 12.407541 11.763231 11.498308 11.959496 13.197903 15.011454 17.002275 18.640022 19.554821 19.805193 19.820768 20.056156 20.641357 21.480045 22.45598 23.670523 25.280649 27.219503 28.997787
29.249695 28.339546 26.11388 22.881872 19.211681 15.782499 13.025805 10.994662 9.518534 8.534773 8.249887 8.716972 9.640778 10.550376 11.299652 12.115833 13.135966 14.167588 14.782638 14.718142 14.085489 13.296637 12.829632 13.080025 14.201498 15.955458 17.701416 18.801344 19.096298 18.996021 19.10631 19.714523 20.707478 21.781507 22.827984 23.968096 25.292809 26.55674
29.186157 28.395288 26.361605 23.220495 19.419018 15.663986 12.507734 10.12938 8.385732 7.189136 6.851506 7.500984 8.821972 10.186586 11.358028 12.569882 13.973965 15.400564 16.417599 16.658283 16.042458 14.824083 13.50185 12.6943 12.894262 14.140214 15.889308 17.367666 18.161972 18.467438 18.83231 19.602341 20.698013 21.744974 22.501091 23.035433 23.56039 24.106882
29.155508 28.451672 26.552591 23.454092 19.512325 15.46607 11.998845 9.428432 7.659645 6.557694 6.367521 7.172028 8.651786 10.195598 11.576735 12.998391 14.573025 16.141151 17.318485 17.718254 17.136044 15.664324 13.722241 11.994595 11.217001 11.759453 13.357015 15.268851 16.856895 17.97719 18.938208 20.029425 21.219049 22.164145 22.585062 22.513506 22.242235 22.051907
29.174082 28.505491 26.63776 23.471489 19.320036 14.982187 11.29763 8.734478 7.258842 6.650427 6.863608 7.778643 9.1032 10.472445 11.792745 13.20538 14.738474 16.238747 17.399723 17.870098 17.381447 15.883816 13.644024 11.273216 9.630639 9.409618 10.704674 12.922028 15.267051 17.25502 18.888079 20.334234 21.600481 22.437313 22.602688 22.109409 21.272024 20.53389
29.212927 28.544653 26.641624 23.342257 18.939342 14.298464 10.41245 7.899728 6.829501 6.918364 7.716379 8.737073 9.739571 10.785892 11.968244 13.311331 14.697464 16.014877 17.064022 17.563276 17.229534 15.90523 13.674041 10.980986 8.700398 7.785711 8.659586 10.901748 13.65002 16.189075 18.265934 19.921795 21.191383 21.948523 22.032434 21.438402 20.424877 19.470991
29.189762 28.538656 26.654667 23.322231 18.780289 13.900872 9.761482 7.089166 6.150333 6.774991 8.189716 9.39563 10.107373 10.907042 12.100824 13.481465 14.770726 15.935268 16.877832 17.386869 17.210617 16.150808 14.146744 11.446588 8.756836 7.25357 7.749926 9.647824 12.268369 14.837379 16.96047 18.578503 19.744564 20.460884 20.659229 20.301479 19.514278 18.691189
29.004938 28.444378 26.775627 23.722263 19.388815 14.511826 10.12628 7.044252 5.747632 6.472202 8.306203 9.886852 10.546957 11.124016 12.344998 13.81048 15.138068 16.290497 17.190639 17.668179 17.549955 16.707012 15.049814 12.667964 10.048837 8.217711 8.184986 9.349102 11.290002 13.351678 15.120067 16.474756 17.475582 18.21843 18.695698 18.810993 18.528086 18.085102
28.645969 28.26302 27.047375 24.665285 21.011662 16.517815 12.021042 8.414945 6.468681 6.56532 8.163505 10.142474 11.387797 11.78461 12.827259 14.339705 15.799162 17.061293 17.962944 18.33588 18.120899 17.359077 16.062843 14.247694 12.194165 10.508688 9.720135 9.90586 10.773254 11.919444 13.02397 13.967639 14.806561 15.659925 16.510647 17.185482 17.506237 17.549494
28.195724 28.040167 27.421368 25.970573 23.357832 19.604902 15.210664 11.046301 8.110197 7.06986 7.855202 9.697099 11.34633 12.406155 13.591613 15.124339 16.695457 18.052261 18.907612 19.085384 18.644518 17.824837 16.798937 15.582459 14.189916 12.80125 11.677342 10.982385 10.720427 10.78399 11.046331 11.48732 12.175917 13.177891 14.39033 15.563293 16.437008 16.957966
27.804029 27.867622 27.825645 27.296581 25.781733 22.921612 18.81526 14.165745 10.130241 7.804148 7.674757 9.225845 11.230697 12.99017 14.513239 16.124502 17.707928 19.019117 19.716175 19.6371 18.934847 17.993191 17.112608 16.337822 15.524346 14.547252 13.410961 12.225869 11.122164 10.207942 9.596474 9.469433 9.962807 11.049616 12.497183 14.00553 15.301721 16.235909
27.570154 27.795933 28.17037 28.310286 27.64579 25.584318 21.891748 17.021769 12.162933 8.77983 7.880291 9.317925 11.68449 13.721793 15.47427 17.130062 18.627041 19.766033 20.233255 19.907234 18.997356 17.950903 17.124674 16.582855 16.129902 15.516611 14.601264 13.368678 11.89209 10.331444 8.987131 8.250731 8.454854 9.494116 10.961807 12.591397 14.160148 15.437236
27.496264 27.802073 28.371172 28.82778 28.623701 27.110647 23.863304 19.091253 13.86226 9.787037 8.17998 9.16573 11.520984 13.995082 16.059622 17.816065 19.236988 20.197636 20.464731 19.96981 18.94961 17.853653 17.035309 16.555521 16.232168 15.831654 15.198412 14.217791 12.816587 11.06049 9.306104 8.064233 7.914287 8.709114 9.964018 11.519971 13.244081 14.817554
27.443443 27.742004 28.292097 28.750347 28.653606 27.425159 24.583227 20.149784 14.967219 10.560227 8.315993 8.664269 10.799955 13.520863 15.988225 17.969828 19.434906 20.324871 20.497271 19.940819 18.902628 17.80341 16.963657 16.433359 16.069891 15.720488 15.300529 14.673061 13.637533 12.106337 10.356137 8.976381 8.438722 8.729497 9.587636 10.949316 12.772724 14.622675
27.179993 27.4028 27.784155 28.048 27.844019 26.719698 24.219099 20.244463 15.385749 10.944778 8.261517 8.015587 9.782055 12.546508 15.323083 17.621279 19.273731 20.22242 20.402323 19.868757 18.874966 17.795624 16.909761 16.272581 15.797063 15.415895 15.123088 14.814041 14.231267 13.154904 11.699917 10.324992 9.468488 9.252704 9.667063 10.844502 12.786108 14.905921
26.444355 26.560753 26.716558 26.726604 26.352222 25.26441 23.066605 19.59515 15.216187 10.955418 8.021123 7.247194 8.569715 11.234501 14.244234 16.898766 18.840622 19.945536 20.201757 19.740135 18.823826 17.774469 16.831631 16.081366 15.509356 15.111626 14.916443 14.851068 14.657805 14.035692 12.918311 11.576408 10.400674 9.69445 9.752439 10.866385 12.983188 15.343694
25.127035 25.147552 25.109411 24.915783 24.419655 23.387226 21.483997 18.51322 14.674644 10.725553 7.703455 6.50047 7.366338 9.819191 12.945578 15.910251 18.177614 19.505379 19.890577 19.531303 18.713017 17.713575 16.736486 15.908573 15.296539 14.940096 14.855743 14.968212 15.037443 14.725639 13.810138 12.377328 10.798243 9.610069 9.419391 10.585634 12.888928 15.405255
23.396706 23.357069 23.206282 22.913254 22.396027 21.478882 19.873213 17.361839 14.045604 10.47119 7.511192 6.022164 6.458746 8.548161 11.556058 14.664541 17.241177 18.865591 19.457565 19.2458 18.557375 17.658291 16.721573 15.894508 15.303107 15.016798 15.026299 15.235395 15.425047 15.254997 14.393374 12.772336 10.750475 9.088635 8.662113 9.83718 12.191187 14.693425
21.680574 21.621115 21.443384 21.150887 20.699844 19.942585 18.618368 16.492556 13.620957 10.419842 7.63375 6.007296 6.017656 7.502442 10.04263 13.08598 15.973269 18.00153 18.905554 18.90513 18.393709 17.67403 16.900936 16.202473 15.707473 15.49027 15.525188 15.71336 15.876939 15.713157 14.841232 13.078496 10.739512 8.69487 7.934699 8.894847 11.007789 13.266002
20.377615 20.334356 20.200247 19.980707 19.643742 19.054625 17.968391 16.135567 13.591541 10.68935 8.079909 6.346736 5.82849 6.353321 8.108257 11.005065 14.355848 16.936937 18.241924 18.513849 18.230522 17.77401 17.304422 16.900757 16.627121 16.514252 16.517673 16.565376 16.562181 16.298843 15.420719 13.669404 11.26011 9.004772 7.891164 8.32509 9.900063 11.707623
19.568808 19.57008 19.529121 19.422499 19.206793 18.762459 17.862314 16.247887 13.922279 11.196793 8.652716 6.751178 5.666706 5.227059 6.020583 8.854162 12.722401 15.804287 17.49136 18.053289 18.031094 17.89068 17.82202 17.859228 17.966475 18.079506 18.099855 17.97525 17.716228 17.262819 16.373955 14.768883 12.52237 10.243981 8.795327 8.630084 9.539251 10.811136
18.940483 19.006498 19.090977 19.118563 19.023438 18.715298 17.994764 16.593901 14.444761 11.789305 9.137177 6.959867 5.504111 4.65599 5.007155 7.652916 11.540471 14.769146 16.681328 17.497177 17.745529 17.924973 18.260799 18.775087 19.35766 19.838463 20.024271 19.829285 19.337177 18.653938 17.725153 16.322529 14.391216 12.274813 10.645788 9.98076 10.28073 11.049952
18.04451 18.18318 18.402842 18.565159 18.587931 18.433241 17.950701 16.858803 14.973083 12.407156 9.567914 6.916694 5.230964 4.802164 5.534246 7.775465 11.026288 13.954911 15.868765 16.856623 17.352667 17.804827 18.447432 19.320744 20.308573 21.187521 21.672667 21.589642 21.014717 20.172539 19.211689 18.02643 16.485329 14.676487 13.049408 12.062761 11.89419 12.253606
16.63541 16.842928 17.189495 17.477049 17.624441 17.666668 17.524422 16.899612 15.465975 13.168308 10.311987 7.404801 5.548729 5.582711 6.538591 8.412398 10.971682 13.392873 15.127178 16.179808 16.863501 17.509197 18.315332 19.33749 20.50807 21.633158 22.404346 22.565247 22.116821 21.305845 20.41552 19.475716 18.33732 16.894592 15.378664 14.194555 13.653807 13.659468
14.867515 15.12097 15.555552 15.940265 16.214508 16.486855 16.752296 16.701225 15.8829 14.086535 11.560287 9.040673 7.731773 7.708044 8.151609 9.197526 11.144823 13.102139 14.529853 15.524605 16.292671 17.039135 17.895369 18.897123 20.020306 21.150381 22.048027 22.452291 22.283787 21.718466 21.049486 20.38686 19.599882 18.478045 17.080133 15.73961 14.856216 14.512566
13.157093 13.417395 13.876608 14.319664 14.720849 15.23122 15.886587 16.371199 16.168291 14.974463 13.00347 11.026607 10.337141 11.091848 10.228657 9.757812 11.518185 12.859322 13.988139 14.855753 15.605908 16.378534 17.245659 18.185806 19.164227 20.132881 20.978546 21.531084 21.681868 21.488659 21.139282 20.74114 20.198786 19.285748 17.952343 16.44595 15.202511 14.470438
11.957171 12.176905 12.581491 13.02799 13.530483 14.231376 15.151042 15.976949 16.206839 15.525269 14.074717 12.439584 11.554879 11.440242 9.682796 8.888355 10.68407 12.227817 13.294369 14.065271 14.746779 15.510055 16.403284 17.337278 18.217525 19.017307 19.746847 20.372498 20.808205 20.993444 20.957737 20.753716 20.333557 19.522816 18.21814 16.569023 14.992071 13.874069
11.493653 11.64214 11.937571 12.337509 12.886736 13.67718 14.67749 15.598898 16.022514 15.682518 14.637436 13.16737 11.539726 8.997572 5.889013 6.753727 9.248983 11.109858 12.255328 13.007085 13.658357 14.438749 15.393894 16.383276 17.249836 17.963684 18.625641 19.323399 20.010815 20.532076 20.764635 20.693031 20.322483 19.565329 18.305687 16.59827 14.798883 13.385359
11.754435 11.824612 11.990867 12.302839 12.817768 13.565372 14.468573 15.295335 15.74413 15.616888 14.906824 13.671187 11.770183 8.887478 6.050389 6.342226 8.280745 9.830572 10.911886 11.688336 12.389614 13.239339 14.275286 15.329627 16.214491 16.902374 17.556416 18.348513 19.271397 20.107334 20.614212 20.704311 20.415007 19.744461 18.598982 16.971703 15.143805 13.619212
12.482013 12.489445 12.544868 12.754536 13.170226 13.775245 14.482951 15.14521 15.570441 15.601509 15.178114 14.270417 12.760528 10.609629 8.596581 7.636683 7.835855 8.567604 9.415733 10.230016 11.044774 11.996051 13.103331 14.191297 15.071436 15.725065 16.35841 17.208277 18.325356 19.482496 20.353382 20.751991 20.683413 20.19236 19.234793 17.800068 16.11417 14.654862
13.363628 13.335302 13.320134 13.441072 13.735151 14.167353 14.67382 15.193051 15.612947 15.784812 15.590789 14.960749 13.815422 12.126071 10.157172 8.466633 7.547421 7.503964 8.078248 8.900307 9.802368 10.80507 11.920422 12.987147 13.828604 14.414698 14.96549 15.776417 16.99703 18.460407 19.79801 20.692297 21.027195 20.820223 20.077303 18.838249 17.322506 15.978191
14.089868 14.065838 14.052454 14.151778 14.379484 14.700998 15.082245 15.5254 15.969016 16.269945 16.25893 15.816368 14.845243 13.257703 11.145769 8.95429 7.349459 6.746562 7.054749 7.832527 8.757572 9.729753 10.761557 11.734703 12.500375 12.99614 13.418873 14.102367 15.314244 17.003113 18.813396 20.296158 21.150276 21.282066 20.710085 19.5464 18.060534 16.721405
14.535757 14.571234 14.673246 14.887934 15.191679 15.540509 15.908769 16.331465 16.792656 17.18792 17.329433 17.034912 16.133448 14.488198 12.143781 9.530445 7.399337 6.332611 6.370479 7.061114 7.965794 8.855284 9.72737 10.532941 11.180787 11.582088 11.883549 12.410536 13.510406 15.253549 17.355886 19.299347 20.610958 21.038931 20.559097 19.334724 17.715792 16.244364
14.722961 14.886642 15.26335 15.814301 16.433563 17.011902 17.483368 17.893967 18.296803 18.681406 18.896877 18.715355 17.859802 16.114967 13.49109 10.43548 7.768317 6.212977 5.936915 6.488514 7.370968 8.201559 8.92288 9.542092 10.043986 10.351223 10.564877 10.95353 11.860517 13.430062 15.479961 17.527739 19.026569 19.607599 19.17519 17.898151 16.171423 14.593525
14.852688 15.213268 16.035791 17.172794 18.372835 19.375259 20.019014 20.357664 20.554306 20.743942 20.872562 20.714691 19.901993 18.10812 15.266025 11.817745 8.63171 6.524817 5.775323 6.113831 6.898228 7.692273 8.352207 8.872172 9.28176 9.538152 9.711144 9.981157 10.615892 11.779577 13.402271 15.125716 16.456228 17.005615 16.640614 15.500941 13.943052 12.511384
15.125362 15.732034 17.125721 19.031282 20.993103 22.528702 23.345249 23.511879 23.330339 23.113739 22.953583 22.691494 21.923117 20.210676 17.357668 13.725265 10.145524 7.465776 6.080286 5.92364 6.430627 7.170171 7.891418 8.474645 8.918436 9.207792 9.39279 9.566126 9.893343 10.531732 11.505316 12.620113 13.520275 13.905902 13.667715 12.915607 11.88308 10.925869
15.681108 16.546101 18.533266 21.220415 23.928003 25.948893 26.871311 26.79051 26.141882 25.407391 24.834181 24.367075 23.625723 22.102018 19.467346 15.929406 12.17461 9.00112 6.88829 5.948064 5.965252 6.584545 7.433505 8.213664 8.828002 9.260736 9.527143 9.638567 9.682526 9.823779 10.165893 10.651513 11.072751 11.253222 11.168924 10.926204 10.616337 10.325031
16.49786 17.593256 20.085094 23.391575 26.639668 28.969728 29.906708 29.575554 28.50342 27.294289 26.318123 25.613644 24.857265 23.532244 21.226866 17.9678 14.218987 10.646379 7.817803 6.104368 5.594096 6.050462 7.01006 8.011466 8.855658 9.514977 9.935956 10.042629 9.901219 9.715751 9.619646 9.627724 9.646524 9.629367 9.652441 9.846058 10.188304 10.513983
17.48877 18.757313 21.59199 25.25177 28.736929 31.144035 32.010239 31.485964 30.133902 28.608303 27.339809 26.416399 25.575676 24.348845 22.314976 19.356548 15.729402 11.959461 8.658368 6.387899 5.448576 5.723018 6.710497 7.86148 8.916132 9.860753 10.50906 10.652241 10.426381 10.125855 9.835554 9.547092 9.251989 9.020426 9.034693 9.457585 10.201747 10.926217
18.533186 19.90365 22.901613 26.651184 30.097988 32.385109 33.118198 32.466465 30.982433 29.306284 27.868927 26.764385 25.785389 24.54685 22.674843 19.971247 16.546438 12.810397 9.361978 6.808609 5.559984 5.623363 6.543634 7.744001 8.910449 10.0362 10.950702 11.144212 11.016146 10.856457 10.582592 10.129267 9.572611 9.110641 9.004739 9.432225 10.268167 11.104238
