115.0_Top_B1_Paleo_x500.grd
DSAA 
38 64
672000 691000
7134000 7166000
47.1134 4.3577
[rows 0 to 41 of 64, columns 0 to 37 of 38]
37.490089 36.090115 33.078598 29.486761 26.27346 23.875191 22.198433 21.020477 20.319828 20.172504 20.54155 21.1059 21.49099 21.489954 21.142448 20.532598 19.578585 18.03384 15.949789 13.913474 12.997043 13.809593 16.143311 19.004217 21.543722 23.385853 24.704233 25.784784 26.879358 27.903149 28.640608 28.832006 28.773403 29.033636 30.257002 32.400684 34.905926 36.918648
37.403111 36.060329 33.128929 29.552288 26.284548 23.827145 22.163212 21.062437 20.435707 20.294239 20.599871 21.063038 21.336023 21.225115 20.800091 20.208883 19.410389 18.145584 16.350382 14.478091 13.492665 14.037405 16.030321 18.658621 21.147083 23.076761 24.460299 25.465506 26.335083 27.111805 27.726082 27.974819 28.069824 28.440027 29.652254 31.724644 34.199085 36.25808
37.202736 35.979912 33.221561 29.683748 26.285929 23.656126 21.938637 20.926327 20.414438 20.295113 20.50635 20.810341 20.905666 20.631859 20.116854 19.628353 19.201658 18.557066 17.411669 15.949032 14.895218 14.928378 16.206852 18.301975 20.631914 22.722256 24.262604 25.149527 25.570415 25.81052 26.110081 26.416477 26.790182 27.373053 28.544231 30.421026 32.74826 34.812103
37.003326 35.930511 33.392761 29.917812 26.337454 23.411993 21.480356 20.441261 20.011581 19.971895 20.176399 20.403193 20.388845 20.035807 19.539003 19.273056 19.339741 19.44449 19.09531 18.175797 17.106373 16.525118 16.829641 18.058409 19.964672 22.109118 23.862244 24.755041 24.81741 24.526161 24.45985 24.780905 25.426109 26.219713 27.284374 28.799 30.740881 32.587082
36.834633 35.922218 33.632534 30.265141 26.510662 23.222088 20.921114 19.693117 19.267206 19.391758 19.730873 20.005749 19.96978 19.671457 19.371113 19.447666 20.009972 20.757618 21.090797 20.669643 19.623402 18.452793 17.696146 17.797781 18.929028 20.835361 22.748434 23.875721 23.994514 23.572226 23.371323 23.73852 24.568954 25.465759 26.312941 27.284657 28.552919 29.863125
36.683105 35.914059 33.85046 30.588676 26.667318 22.99122 20.242735 18.719263 18.238632 18.553923 19.108524 19.505543 19.51543 19.359575 19.359005 19.811663 20.775028 21.950289 22.738022 22.682842 21.686308 20.050859 18.330137 17.218006 17.288237 18.608734 20.54129 22.133684 22.870529 22.960976 23.092419 23.672514 24.626953 25.483845 25.981342 26.249512 26.603214 27.100409
36.543915 35.876217 33.964924 30.740898 26.623171 22.547939 19.347679 17.504492 16.947063 17.39949 18.156748 18.699869 18.825691 18.859892 19.157909 19.920921 21.127897 22.488153 23.473228 23.61731 22.688164 20.797443 18.403736 16.258699 15.21261 15.71164 17.4702 19.589916 21.302065 22.402893 23.282915 24.276176 25.363075 26.114635 26.227524 25.78573 25.19622 24.812672
36.463337 35.827675 33.931225 30.592072 26.16954 21.64765 18.017033 15.901892 15.329978 15.941527 16.949696 17.679649 17.94392 18.115448 18.595633 19.522688 20.808817 22.182596 23.205072 23.462263 22.669422 20.789047 18.104473 15.265243 13.248888 12.868443 14.279742 16.777353 19.41581 21.583694 23.301071 24.759464 25.979368 26.637852 26.466406 25.517752 24.224186 23.146709
36.402603 35.753952 33.786526 30.246403 25.461046 20.472834 16.425203 14.05464 13.50018 14.372192 15.792833 16.777353 17.080765 17.259975 17.849159 18.864513 20.144665 21.457777 22.444777 22.774357 22.179544 20.533489 17.910309 14.759238 12.054506 10.90111 11.84125 14.389459 17.524746 20.371918 22.648745 24.403414 25.674614 26.275879 26.020683 24.937195 23.392027 22.007008
36.260395 35.616333 33.636887 30.009794 24.99374 19.639961 15.188719 12.440621 11.715199 12.891588 14.992603 16.383177 16.32752 16.163797 17.157579 18.318655 19.614622 20.904598 21.875668 22.264626 21.868597 20.551157 18.224895 15.115305 11.988794 10.199779 10.732261 12.906851 15.917312 18.832851 21.200281 22.948692 24.119293 24.680504 24.55442 23.737841 22.435209 21.174765
35.893021 35.338768 33.579788 30.24328 25.425636 20.030313 15.2678 12.00704 10.710496 11.882721 14.727875 17.171637 17.004145 15.868996 16.96364 18.199057 19.573784 20.931932 21.923044 22.310768 21.9909 20.927753 19.013313 16.305691 13.311624 11.198841 11.159223 12.514661 14.767369 17.135941 19.128878 20.591496 21.559277 22.131588 22.316223 22.055712 21.351603 20.542835
35.294594 34.925781 33.659573 31.07571 27.024162 22.046871 17.137363 13.276528 11.22158 11.56125 14.319947 19.401049 21.917826 17.804996 17.399248 18.476805 19.994558 21.493364 22.511173 22.806442 22.388893 21.416363 19.91506 17.881054 15.584352 13.695733 12.827724 13.084958 14.129848 15.484599 16.744444 17.738552 18.491726 19.162884 19.770872 20.182449 20.219313 20.014614
34.563469 34.428326 33.807232 32.266777 29.402843 25.251162 20.391752 15.782619 12.43818 11.120852 12.138893 16.089361 18.594656 16.855314 17.305838 18.82292 20.642014 22.290569 23.279123 23.387526 22.739552 21.705221 20.509869 19.17366 17.670195 16.172022 14.962792 14.242129 14.020834 14.167596 14.484032 14.902369 15.463346 16.290823 17.321487 18.342495 19.073235 19.476395
33.916908 34.002171 33.991306 33.459248 31.823654 28.6455 24.000994 18.622845 13.695343 10.286813 8.651978 7.860897 9.163596 13.294536 16.534481 19.093214 21.283672 22.999022 23.865768 23.739601 22.84288 21.696032 20.675816 19.849285 19.023525 18.027632 16.845863 15.605907 14.457704 13.5134 12.846297 12.620451 12.96066 13.896691 15.224311 16.67687 17.957565 18.89945
33.485401 33.731152 34.14703 34.315041 33.59351 31.266508 27.002073 21.213028 15.097553 10.058846 6.676424 4.551632 5.636942 11.544565 16.19986 19.445759 21.823235 23.470318 24.149302 23.806381 22.731531 21.507565 20.571449 20.010159 19.586884 19.005854 18.102385 16.853334 15.328039 13.677026 12.192422 11.290692 11.328424 12.24324 13.636711 15.276653 16.931396 18.326847
33.30283 33.628586 34.235439 34.706097 34.440151 32.675972 28.866854 23.14566 16.585928 10.841813 7.117782 6.087055 8.160501 12.39828 16.701378 19.932283 22.235096 23.712738 24.1992 23.703585 22.549397 21.312008 20.413496 19.921181 19.620045 19.250566 18.665619 17.732115 16.338316 14.498612 12.573849 11.135 10.826163 11.527064 12.742156 14.350487 16.235844 18.018459
33.192299 33.509148 34.082443 34.519867 34.323044 32.841759 29.486998 24.212053 17.873877 12.157869 8.602747 8.058788 10.15839 13.755341 17.383692 20.344978 22.48163 23.792791 24.143248 23.577969 22.424839 21.212017 20.311266 19.758413 19.379913 19.019228 18.640457 18.103142 17.148926 15.59818 13.716478 12.167226 11.498006 11.716853 12.552105 13.980588 16.006201 18.122866
32.880653 33.115349 33.497562 33.70583 33.363949 31.9883 29.043276 24.395241 18.655937 13.327094 9.90793 9.30927 11.137985 14.336342 17.665632 20.49494 22.556557 23.772284 24.045555 23.467564 22.358871 21.176418 20.230503 19.550594 19.019804 18.579636 18.29418 18.081999 17.633446 16.621555 15.119517 13.640416 12.69637 12.430237 12.829701 14.070508 16.220352 18.619629
32.029778 32.146702 32.277294 32.208679 31.681356 30.365805 27.810522 23.847038 18.867121 14.075185 10.789304 9.93821 11.347443 14.198018 17.41186 20.293877 22.427809 23.643965 23.891142 23.33227 22.284201 21.123974 20.103943 19.287113 18.636091 18.157089 17.941254 17.95709 17.91806 17.429518 16.354212 14.97729 13.746659 12.993443 13.033365 14.193717 16.489803 19.089363
30.507887 30.516039 30.429575 30.147537 29.507914 28.290773 26.126251 22.828518 18.633144 14.430883 11.333189 10.21935 11.17213 13.638389 16.755428 19.760622 22.071117 23.37759 23.648783 23.126902 22.144873 21.013212 19.931255 19.013407 18.317741 17.891275 17.787144 17.968048 18.188206 18.044289 17.227299 15.798031 14.166047 12.913023 12.692721 13.882528 16.312063 18.988289
28.504004 28.441339 28.227949 27.849649 27.220032 26.175627 24.405039 21.697344 18.211998 14.586315 11.763532 10.499407 11.020969 12.970874 15.811745 18.853161 21.386297 22.891834 23.279377 22.839468 21.950174 20.897797 19.835262 18.904343 18.2351 17.903353 17.909391 18.178911 18.501797 18.502239 17.759756 16.150349 14.052228 12.291877 11.816985 12.993043 15.415861 17.990475
26.536007 26.446301 26.199179 25.827351 25.295876 24.460695 23.048973 20.814575 17.895729 14.764044 12.242607 10.915961 11.031434 12.274995 14.603096 17.544497 20.32811 22.152536 22.771864 22.481106 21.733006 20.850664 19.95331 19.159655 18.601913 18.361086 18.403233 18.637367 18.90304 18.888004 18.13238 16.378839 13.941025 11.763687 10.9278 11.862514 13.999001 16.268894
25.07247 24.999203 24.800966 24.513544 24.121956 23.488531 22.362921 20.464964 17.923529 15.125881 12.797312 11.325467 10.879774 11.286906 12.956564 15.751664 18.874897 21.136206 22.087679 22.02622 21.48737 20.881409 20.322292 19.869217 19.571583 19.458988 19.466331 19.525105 19.571621 19.412701 18.63736 16.899652 14.393303 11.988859 10.776622 11.161329 12.735912 14.530872
24.206541 24.185429 24.094753 23.932316 23.66926 23.187172 22.259922 20.591133 18.268015 15.631945 13.327286 11.614071 10.593126 10.207029 11.186954 13.846783 17.258696 19.902071 21.200123 21.42565 21.160419 20.907207 20.811153 20.881538 21.043917 21.212278 21.247608 21.09441 20.813404 20.390682 19.571804 17.986063 15.670792 13.25354 11.699248 11.469872 12.37508 13.640436
23.546356 23.605793 23.667269 23.659418 23.519615 23.17123 22.419882 20.963488 18.794956 16.205788 13.803716 11.864914 10.426369 9.502967 9.964405 12.343652 15.691772 18.47925 20.062851 20.618328 20.692894 20.823603 21.206207 21.846561 22.586967 23.213139 23.4624 23.22361 22.6401 21.89397 20.977707 19.591101 17.637615 15.42576 13.711918 12.978256 13.267262 14.029196
22.553007 22.703255 22.929396 23.074385 23.046879 22.841202 22.32193 21.183041 19.269096 16.763233 14.243849 12.15131 10.487984 9.29029 9.509603 11.402559 14.289895 16.956186 18.732702 19.628794 20.082136 20.571945 21.327133 22.39069 23.617411 24.734943 25.364929 25.270166 24.570387 23.583832 22.567228 21.386162 19.875404 18.039179 16.369556 15.317595 15.121989 15.46047
20.926371 21.165539 21.553148 21.844418 21.940191 21.926617 21.758059 21.116243 19.661068 17.38736 14.780815 12.413979 10.497385 9.194351 9.211953 10.61948 12.990424 15.43726 17.339806 18.546356 19.366734 20.153519 21.123495 22.351166 23.776628 25.179092 26.159805 26.370636 25.819572 24.838871 23.853025 22.912926 21.851454 20.449701 18.931622 17.675638 17.068995 17.015291
18.873791 19.170929 19.668674 20.067307 20.285641 20.496881 20.751808 20.717558 19.880701 18.013229 15.44709 12.801888 10.829276 9.703722 9.384878 10.053659 11.93434 14.212353 16.154953 17.544184 18.615673 19.597069 20.654224 21.844259 23.179895 24.55374 25.668999 26.174513 25.963497 25.26684 24.509115 23.854172 23.170113 22.133287 20.759796 19.34296 18.3641 17.931543
16.882219 17.186115 17.712841 18.173996 18.525906 18.984118 19.648262 20.167406 19.923819 18.531567 16.185011 13.55662 11.825132 11.377909 10.280319 9.798242 11.538507 13.437881 15.270689 16.665483 17.818283 18.891169 19.990957 21.104593 22.237425 23.372169 24.384796 25.050047 25.220242 24.969437 24.570736 24.189175 23.742851 22.918741 21.612534 20.022591 18.660261 17.813931
15.497844 15.742648 16.188452 16.64159 17.10516 17.769228 18.700165 19.537271 19.670227 18.688528 16.703327 14.279471 12.403882 11.280193 9.380652 8.774014 10.812925 12.895178 14.609413 15.882607 16.964155 18.040251 19.180742 20.286015 21.283184 22.178831 23.009592 23.7314 24.22748 24.41983 24.367468 24.168472 23.804525 23.05735 21.773817 20.048138 18.352158 17.114429
14.942036 15.091173 15.392008 15.786148 16.311678 17.081909 18.078712 18.960665 19.222826 18.536253 16.958961 14.812285 12.429429 9.199239 5.695026 6.787307 9.818332 12.191136 13.824427 14.978825 15.972389 17.043362 18.240658 19.397345 20.358704 21.121588 21.835888 22.61129 23.384628 23.956562 24.187477 24.091465 23.71987 22.985821 21.735706 19.965576 18.059811 16.533976
15.214689 15.263433 15.400815 15.691663 16.184771 16.907755 17.768688 18.494991 18.734856 18.265759 17.103706 15.359058 12.906958 9.432131 6.203274 6.749382 9.308301 11.393011 12.880331 13.966212 14.925156 16.004786 17.242306 18.432711 19.381651 20.081398 20.757128 21.615921 22.643581 23.560295 24.075962 24.117538 23.780491 23.1003 21.961382 20.303671 18.412304 16.816181
15.985809 15.960845 15.970806 16.15243 16.540632 17.103575 17.729633 18.25593 18.470276 18.207638 17.429211 16.153105 14.278757 11.775398 9.585501 8.789438 9.436003 10.643478 11.852974 12.899597 13.879111 14.97454 16.218666 17.386524 18.28159 18.897314 19.512676 20.404858 21.631981 22.899523 23.814522 24.18198 24.058651 23.547159 22.603558 21.183735 19.501732 18.039814
16.930557 16.866301 16.798845 16.88468 17.135353 17.500986 17.896709 18.274563 18.517479 18.467901 18.012199 17.122698 15.769753 13.950424 11.975578 10.467756 9.923992 10.307074 11.193172 12.130378 13.044891 14.044265 15.19243 16.264166 17.068499 17.562725 18.04071 18.841587 20.150259 21.747671 23.194 24.128469 24.455898 24.24892 23.536068 22.353546 20.906456 19.628263
17.658712 17.601891 17.539766 17.604401 17.78138 18.030588 18.302782 18.631855 18.95322 19.114004 18.930899 18.320564 17.249994 15.667501 13.679854 11.749627 10.559551 10.388031 10.94602 11.679484 12.424692 13.214047 14.151306 15.042931 15.71874 16.068766 16.356064 16.959349 18.216265 20.052736 22.053501 23.689964 24.633343 24.815561 24.289801 23.192938 21.791157 20.537266
18.068136 18.078346 18.141676 18.328199 18.585772 18.877769 19.164434 19.517433 19.914705 20.251776 20.315504 19.948088 19.024452 17.453785 15.30003 13.010304 11.352422 10.760946 11.008035 11.500944 12.039956 12.569204 13.200817 13.821457 14.322152 14.533142 14.651228 15.038203 16.135468 18.01919 20.372358 22.576483 24.08523 24.624577 24.197466 23.007744 21.422899 19.991129
18.161297 18.31216 18.675146 19.232155 19.850895 20.429142 20.874113 21.262053 21.642653 22.027851 22.243414 22.078381 21.265394 19.626951 17.186083 14.418727 12.16733 11.052403 10.984259 11.256977 11.715741 12.089696 12.452072 12.776226 13.049543 13.108332 13.099024 13.309775 14.175529 15.853447 18.165377 20.532846 22.313156 23.06399 22.693565 21.411852 19.648315 18.040789
18.21929 18.584322 19.436615 20.648533 21.936735 23.02446 23.701118 24.043579 24.227182 24.434679 24.598934 24.509943 23.776493 22.086451 19.363461 16.097328 13.203051 11.440621 10.847417 11.004535 11.37096 11.671387 11.898511 12.035611 12.136961 12.089462 12.015031 12.096039 12.668692 13.89389 15.729211 17.748287 19.370173 20.11635 19.829557 18.684843 17.067232 15.581365
18.445385 19.080654 20.570599 22.658501 24.835955 26.559139 27.455666 27.616001 27.378941 27.133026 26.978411 26.785526 26.112968 24.504719 21.713715 18.153126 14.724904 12.291626 11.049653 10.694234 10.803368 11.079302 11.370452 11.531981 11.594971 11.513971 11.425462 11.426267 11.720133 12.415759 13.555469 14.899117 16.035528 16.600006 16.454819 15.744631 14.702034 13.735198
19.018497 19.943108 22.10524 25.088526 28.128645 30.412767 31.429865 31.303387 30.529234 29.68491 29.048668 28.609064 27.95034 26.517807 23.900196 20.346447 16.616579 13.549181 11.45676 10.328489 10.007301 10.257616 10.74258 11.105072 11.272051 11.25111 11.210652 11.213586 11.353865 11.665765 12.197581 12.847208 13.391857 13.669417 13.656116 13.510753 13.28119 13.070896
19.869267 21.060228 23.805403 27.502081 31.159344 33.78801 34.810547 34.389172 33.124161 31.727272 30.619051 29.888594 29.182631 27.917858 25.587418 22.230354 18.36174 14.699139 11.751952 9.866761 9.16366 9.423643 10.128448 10.719592 10.995998 11.026995 11.048723 11.160779 11.377781 11.622548 11.850164 12.011526 12.042646 12.001989 12.030125 12.338784 12.834525 13.322639
20.914417 22.314404 25.465853 29.566771 33.477512 36.171139 37.100559 36.457977 34.879929 33.125881 31.685333 30.684641 29.833408 28.588715 26.447781 23.279478 19.378775 15.346955 11.846006 9.498786 8.584787 8.886381 9.738607 10.471217 10.788985 10.826094 10.901323 11.193624 11.665123 12.098602 12.281082 12.151021 11.776232 11.418108 11.376431 11.914242 12.857978 13.799487
